Core	CPU	Avg_MHz	Busy%	Bzy_MHz	TSC_MHz	IPC	IRQ	NMI	SMI	POLL	C1E	C6	C8	C10	POLL%	C1E%	C6%	C8%	C10%	CPU%c1	CPU%c6	CPU%c7	CoreTmp	CoreThr	PkgTmp	GFX%rc6	GFXMHz	GFXAMHz	Totl%C0	Any%C0	GFX%C0	CPUGFX%	Pkg%pc2	Pkg%pc3	Pkg%pc6	Pkg%pc8	Pk%pc10	CPU%LPI	SYS%LPI	PkgWatt	CorWatt	GFXWatt	PKG_%	RAM_%	UncMHz	SysWatt
-	-	30	2.69	1110	2110	0.52	1592	0	0	5	313	54	106	2016	0.00	0.68	0.25	0.54	95.85	1.93	64.94	29.43	48	0	47	96.21	600	600	49.23	29.29	3.21	2.19	62.88	0.00	0.00	0.00	0.00	0.00	0.00	3.84	0.80	0.03	0.00	0.00	1200	8.54
0	0	58	6.06	953	2112	0.62	161	0	0	0	32	4	11	297	0.00	1.04	0.06	0.59	92.46	2.58	0.05	89.70	46	0	47	96.35	600	600	49.26	29.31	3.21	2.19	62.92	0.00	0.00	0.00	0.00	0.00	0.00	3.85	0.80	0.03	0.00	0.00	1200
0	1	3	0.35	1000	2112	0.57	17	0	0	2	5	0	0	56	0.01	0.46	0.00	0.00	99.22	2.58
4	2	28	2.73	1039	2112	0.39	74	0	0	2	33	5	3	190	0.01	1.16	0.34	0.23	95.67	3.47	0.72	82.10	47	0
4	3	120	9.80	1220	2112	0.48	366	0	0	1	61	11	11	222	0.00	2.05	0.72	0.85	86.73	3.47
8	4	41	3.97	1025	2112	0.60	117	0	0	0	34	5	12	198	0.00	1.08	0.35	1.12	93.62	3.41	0.85	88.78	47	0
8	5	14	1.55	893	2112	0.53	173	0	0	0	22	11	38	119	0.00	1.05	0.91	3.36	93.25	3.41
12	6	75	5.60	1348	2112	0.70	87	0	0	0	15	3	2	203	0.00	0.50	0.25	0.16	93.64	0.52	0.25	92.73	46	0
12	7	1	0.04	1287	2112	0.58	5	0	0	0	0	0	0	3	0.00	0.00	0.00	0.00	99.96	0.52
16	8	46	4.20	1086	2112	0.46	135	0	0	0	65	4	12	186	0.00	2.08	0.34	0.89	92.60	3.71	91.70	0.00	48	0
17	9	17	1.57	1057	2112	0.35	30	0	0	0	4	0	1	80	0.00	0.11	0.00	0.07	98.27	1.13	97.55	0.00	46	0
18	10	15	1.52	982	2112	0.36	68	0	0	0	3	2	5	112	0.00	0.06	0.14	0.44	97.90	1.07	97.41	0.00	46	0
19	11	11	1.00	1089	2112	0.43	31	0	0	0	1	0	0	60	0.00	0.01	0.00	0.00	99.00	0.97	98.36	0.00	46	0
20	12	21	1.95	1104	2112	0.34	65	0	0	0	13	1	4	120	0.00	0.41	0.08	0.40	97.22	1.34	96.69	0.00	45	0
21	13	8	0.73	1060	2112	0.33	40	0	0	0	8	2	1	42	0.00	0.39	0.20	0.10	98.61	1.24	98.41	0.00	45	0
22	14	9	0.87	1005	2112	0.38	87	0	0	0	4	0	0	73	0.00	0.10	0.00	0.00	99.06	1.12	98.23	0.00	45	0
23	15	11	1.04	1088	2112	0.62	136	0	0	0	13	6	6	55	0.00	0.42	0.52	0.49	97.58	0.42	98.75	0.00	45	0
Core	CPU	Avg_MHz	Busy%	Bzy_MHz	TSC_MHz	IPC	IRQ	NMI	SMI	POLL	C1E	C6	C8	C10	POLL%	C1E%	C6%	C8%	C10%	CPU%c1	CPU%c6	CPU%c7	CoreTmp	CoreThr	PkgTmp	GFX%rc6	GFXMHz	GFXAMHz	Totl%C0	Any%C0	GFX%C0	CPUGFX%	Pkg%pc2	Pkg%pc3	Pkg%pc6	Pkg%pc8	Pk%pc10	CPU%LPI	SYS%LPI	PkgWatt	CorWatt	GFXWatt	PKG_%	RAM_%	UncMHz	SysWatt
-	-	31	3.01	1034	2111	0.56	1637	0	0	3	333	59	129	2438	0.00	0.66	0.23	0.69	95.49	1.08	64.95	29.55	48	0	48	97.52	600	600	56.74	35.05	2.08	1.50	55.78	0.00	0.00	0.00	0.00	0.00	0.00	3.83	0.71	0.01	0.00	0.00	1200	8.56
0	0	121	11.78	1025	2112	0.64	435	0	0	1	110	27	39	350	0.00	3.56	1.68	3.22	80.06	3.62	1.61	80.48	46	0	48	97.57	600	600	56.75	35.06	2.08	1.50	55.80	0.00	0.00	0.00	0.00	0.00	0.00	3.83	0.71	0.01	0.00	0.00	1200
0	1	8	0.76	1022	2112	0.61	7	0	0	0	0	0	1	124	0.00	0.00	0.00	0.09	99.21	3.62
4	2	54	5.18	1039	2112	0.93	174	0	0	0	22	11	32	235	0.00	0.57	0.69	2.91	90.85	0.62	0.67	92.07	47	0
4	3	1	0.08	930	2112	0.56	10	0	0	0	0	0	2	8	0.00	0.00	0.00	0.15	99.78	0.62
8	4	57	5.56	1033	2112	0.55	92	0	0	1	38	4	4	260	0.01	1.59	0.18	0.33	92.53	1.73	0.19	90.12	47	0
8	5	6	0.79	811	2112	0.40	58	0	0	0	7	1	7	75	0.00	0.11	0.05	0.65	98.45	1.73
12	6	59	5.48	1067	2112	0.52	98	0	0	0	18	6	3	301	0.00	0.49	0.35	0.24	93.68	0.55	0.34	92.02	46	0
12	7	0	0.02	1121	2112	0.97	3	0	0	0	1	0	0	2	0.00	0.01	0.00	0.00	99.96	0.55
16	8	31	3.14	1000	2112	0.39	102	0	0	0	42	3	11	166	0.00	1.22	0.14	0.91	94.69	1.22	95.36	0.00	48	0
17	9	43	4.10	1043	2112	0.51	130	0	0	1	9	2	16	188	0.01	0.23	0.18	1.40	94.20	0.23	95.26	0.00	48	0
18	10	28	2.76	1031	2112	0.36	62	0	0	0	13	0	2	185	0.00	0.49	0.00	0.10	96.74	0.50	96.51	0.00	48	0
19	11	25	2.29	1102	2112	0.61	75	0	0	0	32	0	2	107	0.00	0.92	0.00	0.19	96.65	0.91	96.90	0.00	48	0
20	12	32	3.00	1062	2112	0.34	99	0	0	0	20	1	3	153	0.00	0.70	0.09	0.19	96.10	0.70	96.14	0.00	45	0
21	13	4	0.37	1024	2112	0.39	36	0	0	0	3	0	0	32	0.00	0.11	0.00	0.00	99.54	0.11	99.93	0.00	45	0
22	14	8	0.91	924	2112	0.28	125	0	0	0	6	0	3	115	0.00	0.11	0.00	0.23	98.83	0.11	98.98	0.00	45	0
23	15	21	2.03	1044	2112	0.44	131	0	0	0	12	4	4	137	0.00	0.41	0.26	0.39	96.99	0.41	97.41	0.00	45	0
Core	CPU	Avg_MHz	Busy%	Bzy_MHz	TSC_MHz	IPC	IRQ	NMI	SMI	POLL	C1E	C6	C8	C10	POLL%	C1E%	C6%	C8%	C10%	CPU%c1	CPU%c6	CPU%c7	CoreTmp	CoreThr	PkgTmp	GFX%rc6	GFXMHz	GFXAMHz	Totl%C0	Any%C0	GFX%C0	CPUGFX%	Pkg%pc2	Pkg%pc3	Pkg%pc6	Pkg%pc8	Pk%pc10	CPU%LPI	SYS%LPI	PkgWatt	CorWatt	GFXWatt	PKG_%	RAM_%	UncMHz	SysWatt
-	-	43	4.09	1041	2112	0.57	2600	0	0	10	569	112	285	3015	0.00	1.14	0.46	1.53	92.91	2.00	64.06	27.84	49	0	49	89.40	750	750	76.80	45.68	9.41	5.00	39.56	0.00	0.00	0.00	0.00	0.00	0.00	4.04	0.80	0.05	0.00	0.00	1500	8.82
0	0	50	5.29	954	2112	0.66	168	0	0	1	40	9	18	364	0.00	1.13	0.55	1.70	91.61	1.23	0.52	90.65	46	0	49	89.39	750	750	76.80	45.67	9.41	5.00	39.56	0.00	0.00	0.00	0.00	0.00	0.00	4.04	0.80	0.05	0.00	0.00	1500
0	1	2	0.25	942	2112	0.67	5	0	0	0	2	0	0	42	0.00	0.03	0.00	0.00	99.74	1.23
4	2	150	14.42	1038	2112	0.68	654	0	0	4	139	28	92	418	0.02	4.49	1.97	7.97	71.54	4.78	1.79	75.77	49	0
4	3	1	0.10	980	2112	0.54	10	0	0	0	4	0	1	12	0.00	0.20	0.00	0.07	99.65	4.78
8	4	105	10.07	1040	2112	0.67	312	0	0	2	86	28	55	337	0.01	3.04	1.88	4.43	80.88	4.25	1.91	79.91	47	0
8	5	12	1.31	919	2112	0.59	118	0	0	0	45	4	26	95	0.00	0.55	0.25	2.31	95.67	4.25
12	6	81	7.86	1028	2112	0.69	316	0	0	1	53	14	19	270	0.01	1.90	0.86	1.57	88.02	1.97	0.83	87.73	45	0
12	7	0	0.03	1089	2112	0.90	3	0	0	0	1	0	1	1	0.00	0.02	0.00	0.09	99.87	1.97
16	8	64	6.11	1041	2112	0.47	196	0	0	1	60	12	40	269	0.01	1.81	0.95	3.60	87.72	2.41	90.49	0.00	46	0
17	9	28	2.42	1135	2112	0.43	61	0	0	0	12	0	1	139	0.00	0.37	0.00	0.08	97.17	0.37	97.23	0.00	46	0
18	10	33	3.06	1083	2112	0.42	67	0	0	0	33	1	5	176	0.00	1.20	0.01	0.33	95.49	1.20	95.46	0.00	46	0
19	11	33	2.67	1218	2112	0.54	98	0	0	0	49	2	10	138	0.00	2.36	0.07	0.87	94.08	2.36	94.93	0.00	47	0
20	12	66	6.15	1075	2112	0.42	132	0	0	0	20	3	3	280	0.00	0.54	0.15	0.21	93.08	0.55	92.57	0.00	45	0
21	13	13	1.17	1085	2112	0.41	32	0	0	1	7	1	0	65	0.01	0.27	0.02	0.00	98.57	0.27	98.86	0.00	45	0
22	14	17	1.72	992	2112	0.27	245	0	0	0	3	1	0	214	0.00	0.08	0.06	0.00	98.25	0.08	97.73	0.00	45	0
23	15	27	2.77	978	2112	0.37	183	0	0	0	15	9	14	195	0.00	0.31	0.65	1.19	95.21	0.32	96.41	0.00	45	0
Core	CPU	Avg_MHz	Busy%	Bzy_MHz	TSC_MHz	IPC	IRQ	NMI	SMI	POLL	C1E	C6	C8	C10	POLL%	C1E%	C6%	C8%	C10%	CPU%c1	CPU%c6	CPU%c7	CoreTmp	CoreThr	PkgTmp	GFX%rc6	GFXMHz	GFXAMHz	Totl%C0	Any%C0	GFX%C0	CPUGFX%	Pkg%pc2	Pkg%pc3	Pkg%pc6	Pkg%pc8	Pk%pc10	CPU%LPI	SYS%LPI	PkgWatt	CorWatt	GFXWatt	PKG_%	RAM_%	UncMHz	SysWatt
-	-	101	5.44	1851	2112	0.84	2991	0	0	5	709	127	349	3515	0.00	1.33	0.58	1.82	90.96	2.79	63.51	25.74	48	0	48	84.95	600	600	98.56	59.79	13.33	10.39	27.32	0.00	0.00	0.00	0.00	0.00	0.00	7.29	2.89	0.11	0.00	0.00	1200	13.00
0	0	88	6.46	1366	2112	1.41	396	0	0	0	89	17	75	511	0.00	1.66	1.41	6.63	84.28	3.01	1.10	85.43	44	0	48	85.01	600	600	98.63	59.83	13.34	10.40	27.34	0.00	0.00	0.00	0.00	0.00	0.00	7.30	2.89	0.11	0.00	0.00	1200
0	1	4	0.47	837	2112	0.77	11	0	0	0	1	0	0	77	0.00	0.04	0.00	0.00	99.53	3.01
4	2	348	15.89	2193	2112	0.54	525	0	0	0	193	47	83	252	0.00	6.15	3.59	6.79	67.85	9.06	3.86	64.61	47	0
4	3	46	4.14	1120	2112	0.64	161	0	0	0	60	6	5	142	0.00	1.50	0.47	0.40	93.58	9.06
8	4	131	7.87	1662	2112	0.92	214	0	0	0	38	7	28	248	0.00	1.47	0.50	2.18	88.17	3.01	0.33	86.79	48	0
8	5	6	0.53	1075	2112	0.38	37	0	0	0	2	0	0	53	0.00	0.01	0.00	0.00	99.49	3.01
12	6	597	22.87	2611	2112	1.14	369	0	0	2	87	11	29	254	0.00	2.27	0.80	2.57	71.65	2.81	0.49	72.13	47	0
12	7	0	0.03	1020	2112	0.90	2	0	0	0	0	0	1	2	0.00	0.00	0.00	0.10	99.88	2.81
16	8	91	6.73	1353	2112	0.66	161	0	0	0	47	5	17	251	0.00	1.65	0.30	1.48	89.96	1.65	90.77	0.00	47	0
17	9	40	2.81	1431	2112	0.50	93	0	0	2	25	7	7	234	0.01	0.93	0.46	0.60	95.29	0.93	95.68	0.00	47	0
18	10	56	3.95	1427	2112	0.35	288	0	0	0	89	10	79	296	0.00	2.68	0.60	6.86	86.10	3.24	91.04	0.00	48	0
19	11	32	2.53	1279	2112	0.48	86	0	0	1	22	4	3	182	0.00	0.99	0.27	0.15	96.13	0.99	96.17	0.00	48	0
20	12	70	4.77	1467	2112	0.69	140	0	0	0	21	2	9	258	0.00	0.75	0.14	0.62	93.82	0.75	93.83	0.00	46	0
21	13	32	2.40	1349	2112	0.29	52	0	0	0	8	3	5	255	0.00	0.34	0.24	0.27	96.83	0.35	96.66	0.00	46	0
22	14	25	2.17	1167	2112	0.27	291	0	0	0	7	4	2	265	0.00	0.19	0.21	0.17	97.37	0.20	96.73	0.00	46	0
23	15	42	3.38	1234	2112	0.39	165	0	0	0	20	4	6	235	0.00	0.70	0.22	0.33	95.48	0.71	95.27	0.00	46	0
Core	CPU	Avg_MHz	Busy%	Bzy_MHz	TSC_MHz	IPC	IRQ	NMI	SMI	POLL	C1E	C6	C8	C10	POLL%	C1E%	C6%	C8%	C10%	CPU%c1	CPU%c6	CPU%c7	CoreTmp	CoreThr	PkgTmp	GFX%rc6	GFXMHz	GFXAMHz	Totl%C0	Any%C0	GFX%C0	CPUGFX%	Pkg%pc2	Pkg%pc3	Pkg%pc6	Pkg%pc8	Pk%pc10	CPU%LPI	SYS%LPI	PkgWatt	CorWatt	GFXWatt	PKG_%	RAM_%	UncMHz	SysWatt
-	-	43	3.88	1110	2113	0.78	2317	0	0	1	572	108	202	2878	0.00	1.13	0.47	1.05	93.62	2.03	64.27	28.07	48	0	47	93.30	750	750	71.79	42.12	6.00	4.05	46.70	0.00	0.00	0.00	0.00	0.00	0.00	5.22	0.93	0.05	0.00	0.00	1200	10.29
0	0	50	5.52	907	2112	0.70	142	0	0	0	40	3	7	351	0.00	1.90	0.18	0.47	92.20	1.94	0.17	90.08	46	0	47	93.18	750	750	71.72	42.08	5.99	4.05	46.66	0.00	0.00	0.00	0.00	0.00	0.00	5.22	0.93	0.05	0.00	0.00	1200
0	1	4	0.38	971	2112	0.92	11	0	0	0	2	0	0	44	0.00	0.01	0.00	0.00	99.64	1.94
4	2	51	4.33	1178	2112	0.53	147	0	0	0	32	12	11	192	0.00	1.07	0.87	0.84	93.02	4.97	1.56	76.68	47	0
4	3	112	10.46	1067	2112	0.63	398	0	0	1	143	19	29	277	0.00	4.22	1.18	2.45	81.90	4.97
8	4	70	6.66	1054	2112	0.99	204	0	0	0	63	13	30	249	0.00	1.61	0.78	2.57	88.57	3.08	0.93	83.00	47	0
8	5	51	4.52	1135	2112	1.38	121	0	0	0	21	2	14	157	0.00	0.74	0.17	1.20	93.47	3.08
12	6	115	8.83	1307	2112	1.21	185	0	0	0	65	6	16	253	0.00	2.02	0.40	1.38	87.55	2.58	0.31	86.87	46	0
12	7	0	0.02	1177	2112	0.99	2	0	0	0	1	0	0	2	0.00	0.05	0.00	0.00	99.93	2.58
16	8	53	4.98	1062	2112	0.66	271	0	0	0	89	26	63	190	0.00	2.88	1.98	5.29	85.05	3.37	90.66	0.00	48	0
17	9	24	2.11	1116	2112	0.45	134	0	0	0	18	1	5	163	0.00	0.52	0.08	0.45	96.91	0.53	97.07	0.00	46	0
18	10	20	1.71	1176	2112	0.61	67	0	0	0	7	2	6	133	0.00	0.30	0.16	0.58	97.31	0.30	97.91	0.00	46	0
19	11	17	1.51	1128	2112	0.50	49	0	0	0	0	0	0	109	0.00	0.00	0.00	0.00	98.54	0.00	98.53	0.00	46	0
20	12	46	3.94	1158	2112	0.50	102	0	0	0	19	4	2	201	0.00	0.57	0.26	0.13	95.18	0.57	95.17	0.00	45	0
21	13	19	1.69	1107	2112	0.60	60	0	0	0	9	4	5	127	0.00	0.30	0.31	0.21	97.55	0.30	98.01	0.00	45	0
22	14	28	2.68	1058	2112	0.37	268	0	0	0	43	4	6	244	0.00	1.09	0.23	0.49	95.65	1.41	95.21	0.00	45	0
23	15	28	2.65	1066	2112	0.43	156	0	0	0	20	12	8	186	0.00	0.82	0.90	0.67	95.06	0.83	96.08	0.00	46	0
